0
0
0
0
0
0
0
0
0
0
0
0
0
0
0
100
100
100
100
100
100
200
200
300
300
300
300
320
340
340
300
270
240
240
240
240
230
140
140
140
140
140
140
140
140
140
100
100
100
100
100
0
0
0
0
0
0
-100
-100
-100
-100
-100
-100
-100
-100
-100
-100
-100
-100
-100
-100
-100
-100
-100
-100
-100
-100
-100
-100
-100
-100
-100
-100
-100
-100
-100
-100
-100
-100
-100
-100
-100
-100
-100
-100
-100
-100
-100
-100
-100
