0
0
0
0
0
0
100
100
200
200
200
230
240
240
240
230
220
200
160
130
120
180
180
180
180
180
180
170
140
130
130
120
110
100
110
90
90
0
0
0
0
0
0
-100
-100
-100
-100
-100
-100
-100
-100
-100
-100
-100
-100
-100
-100
-100
-100
-120
-120
-130
-130
-140
-150
-160
-180
-200
-210
-220
-220
-220
-220
-220
-220
-220
-220
-220
-220
-220
-220
-220
-220
-220
-220
-220
-220
-220
-220
-220
-220
-220
-220
-220
-220
-220
-220
-220
-220
-220
